Pitching Data for 453329 for game: gid_2014_08_31_mlb_tbamlb_1/																																																
dateStamp	park_sv_id		ab_tot  ab_ct	pit_id	bat_id	ab_id	des		type	id	sz_top	sz_bot	pfx_xDF	pfx_zDF	mlbpitch_name	zloc	pitcon	stand	strikes	balls	p_throwsgid			pdes			spin	norm_ht		inning		tstart		vystart		ftime		pfx_x		pfx_z		uncorted_pfx_x	uncorted_pfx_z	x0		y0	z0		vx0		vy0		vz0		ax		ay		az		strtspd	px		pz		pxold	pzold	sb
8/31/2014	140831_135501tba	1	1	453329	595281	5	Single		X	36	3.43	1.62	-3.953	9.786	FF		0.907	L	0	0	R	gid_2014_08_31_mlb_tbamlb_1/	"In play, no out"	201.874	-0.879558	1		0.075662308	-131.0764012	0.304549592	-6.324096848	9.032039403	-6.324096848	9.032039403	-1.611007006	55	6.154691861	5.965681995	-134.3325462	-7.212973134	-11.36399981	28.80700035	-15.94899965	91.81	-0.110645231	1.752160893	0.009	1.729	0
8/31/2014	140831_135633tba	3	1	453329	446386	6	Flyout		S	42	3.45	1.55	12.092	-6.873	CU		0.905	R	0	0	R	gid_2014_08_31_mlb_tbamlb_1/	Called Strike		60.5877	0.847368	1		0.090393548	-109.7267288	0.36363824	8.259259056	-7.460309154	8.259259056	-7.460309154	-1.218876347	55	6.044546586	-0.839844574	-112.4178143	4.924788458	10.41000036	19.92699928	-41.58200098	76.72	-0.34329198	3.330063184	-0.158	3.305	0
8/31/2014	140831_135717tba	3	2	453329	446386	6	Flyout		S	44	3.45	1.55	3.476	6.541	FC		0.904	R	1	0	R	gid_2014_08_31_mlb_tbamlb_1/	Swinging Strike		152.201	-1.39263	1		0.07764106	-127.9926522	0.309195667	0.868448194	5.8382207	0.868448194	5.8382207	-1.348032083	55	6.006300565	3.481770058	-130.4007248	-6.60481968	1.513999973	20.74100037	-22.00099969	89.06	0.269670205	1.207579603	0.404	1.177	1
8/31/2014	140831_135802tba	3	3	453329	446386	6	Flyout		X	46	3.45	1.55	-0.39	11.972	FF		0.898	R	2	0	R	gid_2014_08_31_mlb_tbamlb_1/	"In play, out(s)"	181.814	-0.0336842	1		0.074890897	-132.5341493	0.300135972	-2.767306797	11.1924589	-2.767306797	11.1924589	-1.214981041	55	6.162110229	3.604612404	-135.5035082	-6.568186847	-5.11999997	26.52999992	-11.47099996	92.53	-0.164338854	2.481796942	-0.046	2.468	2
8/31/2014	140831_135854tba	3	1	453329	459964	7	GroundedIntoDP	S	50	3.34	1.58	-4.614	6.027	FT		0.89	L	0	0	R	gid_2014_08_31_mlb_tbamlb_1/	Called Strike		217.219	-0.705682	1		0.075227077	-131.9187164	0.301765623	-6.928034203	5.36594832	-6.928034203	5.36594832	-1.224868996	55	6.085073077	3.297573979	-134.9437577	-5.555497729	-12.67999979	26.90899963	-22.35800005	92.11	-0.946676298	1.866388964	-0.84	1.839	0
8/31/2014	140831_135923tba	3	2	453329	459964	7	GroundedIntoDP	S	51	3.34	1.58	11.125	-4.356	CU		0.902	L	1	0	R	gid_2014_08_31_mlb_tbamlb_1/	Foul			68.8592	-0.619318	1		0.08754299	-113.2601839	0.352832577	7.535927936	-4.971665179	7.535927936	-4.971665179	-1.241858226	55	6.19553975	-0.522082635	-116.1562709	0.618587155	10.08900026	22.1470005	-38.83499933	79.2	-0.314602934	1.953611182	-0.141	1.915	1
8/31/2014	140831_135950tba	3	3	453329	459964	7	GroundedIntoDP	X	52	3.34	1.58	-1.519	6.242	CH		0.916	L	2	0	R	gid_2014_08_31_mlb_tbamlb_1/	"In play, out(s)"	193.533	-0.0852273	1		0.083880027	-118.2807846	0.336923268	-4.488473657	5.4236291	-4.488473657	5.4236291	-1.102436981	55	6.025875183	1.522176221	-121.0812288	-2.245170617	-6.590000118	22.3439991	-24.21599985	82.58	-1.102875592	2.400821353	-0.974	2.385	2
8/31/2014	140831_141241tba	2	1	453329	446334	11	Groundout	S	84	3.76	1.72	0.398	8.859	FF		0.89	R	0	0	R	gid_2014_08_31_mlb_tbamlb_1/	Called Strike		177.483	0.351961	2		0.074980014	-132.3527449	0.300782458	-2.006264651	8.141764706	-2.006264651	8.141764706	-1.435742483	55	6.034881558	5.511003075	-135.3896934	-3.536172236	-3.696000005	27.10399933	-17.18000055	92.42	0.524403905	3.111085624	0.652	3.099	0
8/31/2014	140831_141300tba	2	2	453329	446334	11	Groundout	X	85	3.76	1.72	14.038	-7.324	CU		0.906	R	1	0	R	gid_2014_08_31_mlb_tbamlb_1/	"In play, out(s)"	62.6252	-0.34902	2		0.089449352	-110.7412155	0.362381323	10.17521551	-7.893395085	10.17521551	-7.893395085	-1.155575652	55	6.169739382	0.272442147	-113.8882646	2.909052653	12.91399911	23.56400032	-42.19699884	77.68	0.567622288	2.423298538	0.764	2.384	1
8/31/2014	140831_141344tba	4	1	453329	425766	12	Strikeout	S	89	3.69	1.81	-1.593	10.364	FF		0.899	L	0	0	R	gid_2014_08_31_mlb_tbamlb_1/	Called Strike		188.666	-1.21277	2		0.075243262	-131.9425373	0.301195115	-3.962583935	9.614164905	-3.962583935	9.614164905	-1.39982955	55	6.040925201	2.548960908	-134.8114726	-7.653716248	-7.279999937	25.50999947	-14.51600004	92.08	-0.968281467	1.63299934	-0.857	1.61	0
8/31/2014	140831_141402tba	4	2	453329	425766	12	Strikeout	S	90	3.69	1.81	-2.539	10.836	FF		0.901	L	1	0	R	gid_2014_08_31_mlb_tbamlb_1/	Called Strike		193.101	-1.12234	2		0.074608102	-132.992395	0.299532556	-4.862092807	10.08324392	-4.862092807	10.08324392	-1.215150166	55	6.09495101	4.645063754	-136.1043612	-7.886092126	-9.032000031	27.9140007	-13.4480002	93.01	-0.068863193	1.717755277	0.047	1.695	1
8/31/2014	140831_141421tba	4	3	453329	425766	12	Strikeout	S	91	3.69	1.81	-2.05	10.105	FF		0.9	L	2	0	R	gid_2014_08_31_mlb_tbamlb_1/	Foul			191.383	-0.176596	2		0.074343309	-133.4621868	0.298516109	-4.367194358	9.371716703	-4.367194358	9.371716703	-1.059672259	55	6.062277035	5.312121172	-136.5968348	-5.453670899	-8.167999949	28.21799965	-14.65100027	93.28	0.430991608	2.599435356	0.55	2.584	2
8/31/2014	140831_141449tba	4	4	453329	425766	12	Strikeout	S	92	3.69	1.81	-4.866	7.3	FT		0.937	L	2	0	R	gid_2014_08_31_mlb_tbamlb_1/	Called Strike		213.513	0.57234		2		0.075151776	-132.0221127	0.30181523	-7.175715421	6.610577948	-7.175715421	6.610577948	-1.254482668	55	6.075342408	7.068628564	-135.135888	-2.544053718	-13.12900015	27.72899933	-20.08399988	92.28	0.546972954	3.29979837	0.667	3.288	2
8/31/2014	140831_141525tba	4	1	453329	523253	13	Strikeout	S	96	3.44	1.55	-3.386	8.012	FF		0.911	R	0	0	R	gid_2014_08_31_mlb_tbamlb_1/	Called Strike		202.772	0.407407	2		0.074033967	-134.0012701	0.297494808	-5.659069125	7.325937817	-5.659069125	7.325937817	-1.479928047	55	6.115663873	4.183867411	-137.2043017	-4.137490557	-10.65700003	28.95600052	-18.38299966	93.63	-0.659931587	2.896241246	-0.549	2.88	0
8/31/2014	140831_141545tba	4	2	453329	523253	13	Strikeout	S	97	3.44	1.55	7.044	6.627	FC		0.906	R	1	0	R	gid_2014_08_31_mlb_tbamlb_1/	Swinging Strike		133.457	-0.453968	2		0.076366805	-129.9888879	0.305848292	4.414863658	5.935875378	4.414863658	5.935875378	-1.178508448	55	6.089847467	3.703898139	-132.8527041	-4.989046324	7.865999733	25.09100075	-21.60300089	90.68	1.070789093	2.089305852	1.215	2.066	1
8/31/2014	140831_141607tba	4	3	453329	523253	13	Strikeout	B	98	3.44	1.55	-4.328	6.801	FT		0.936	R	2	0	R	gid_2014_08_31_mlb_tbamlb_1/	Ball			212.288	0.391534	2		0.074492684	-133.2737477	0.29816949	-6.592131141	6.138182521	-6.592131141	6.138182521	-0.942871313	55	6.167555905	8.745384341	-136.166302	-3.786250469	-12.35799977	25.97899933	-20.67199922	93.07	1.602238175	2.883731468	1.728	2.865	2
8/31/2014	140831_141628tba	4	4	453329	523253	13	Strikeout	S	99	3.44	1.55	-5.292	5.356	FT		0.914	R	2	1	R	gid_2014_08_31_mlb_tbamlb_1/	Called Strike		224.414	0.796825	2		0.074481477	-133.2481381	0.298668905	-7.543907304	4.721698964	-7.543907304	4.721698964	-1.131536623	55	6.168346673	3.94005321	-136.2771306	-2.294870551	-14.09499976	27.21300049	-23.3570006	92.97	-0.70075	3.264613661	-0.595	3.248	12
8/31/2014	140831_143527tba	3	3	453329	446481	21	Pop Out		X	160	3.18	1.45	-0.229	10.85	FF		0.897	R	0	2	R	gid_2014_08_31_mlb_tbamlb_1/	"In play, out(s)"	181.161	0.0843931	3		0.075291337	-131.7198078	0.303086448	-2.657182721	10.07921576	-2.657182721	10.07921576	-1.235480659	55	6.081401073	4.136276548	-134.9992139	-5.96440406	-4.821000005	29.15599937	-13.89200044	92.18	0.06712443	2.403308354	0.19	2.388	20
8/31/2014	140831_144649tba	4	1	453329	595281	26	Groundout	S	191	3.43	1.62	12.579	-7.443	CU		0.905	L	0	0	R	gid_2014_08_31_mlb_tbamlb_1/	Called Strike		59.5776	0.710497	4		0.090257025	-109.7733962	0.365232008	8.699183655	-8.019673734	8.699183655	-8.019673734	-1.45472912	55	6.089848993	-1.595841972	-112.8234395	4.761521506	10.86899999	22.63099976	-42.19900156	77	-0.894019238	3.195709571	-0.711	3.168	0
8/31/2014	140831_144707tba	4	2	453329	595281	26	Groundout	S	192	3.43	1.62	3.473	6.543	FC		0.904	L	1	0	R	gid_2014_08_31_mlb_tbamlb_1/	Foul			152.233	-1.15249	4		0.077601223	-127.9378936	0.310575744	0.842072139	5.8343159	0.842072139	5.8343159	-1.319380515	55	5.946738514	2.691145071	-130.7062149	-5.690696074	1.454999958	23.86699982	-22.09799982	89.22	-0.039066359	1.508874316	0.092	1.482	1
8/31/2014	140831_144739tba	4	3	453329	595281	26	Groundout	B	193	3.43	1.62	3.275	4.54	CH		0.852	L	2	0	R	gid_2014_08_31_mlb_tbamlb_1/	Ball			144.532	1.41657		4		0.08464472	-117.1907229	0.340329496	0.125784898	3.747142777	0.125784898	3.747142777	-1.220090811	55	6.010095201	-1.101569458	-120.0298526	1.53822858	0.18099979	22.45		-26.7870009	81.85	-1.714574182	3.809764906	-1.58	3.807	2
8/31/2014	140831_144755tba	4	4	453329	595281	26	Groundout	X	194	3.43	1.62	-6.107	5.917	FT		0.908	L	2	1	R	gid_2014_08_31_mlb_tbamlb_1/	"In play, out(s)"	225.686	-0.374586	4		0.074776721	-132.6419241	0.300824143	-8.374784669	5.261388583	-8.374784669	5.261388583	-1.176036342	55	6.032231836	7.026743338	-135.8974247	-4.626284303	-15.42400023	29.14099998	-22.48900056	92.83	0.410274785	2.210054195	0.526	2.186	12
8/31/2014	140831_144837tba	1	1	453329	446386	27	Groundout	X	198	3.45	1.55	-7.033	6.982	FT		0.909	R	0	0	R	gid_2014_08_31_mlb_tbamlb_1/	"In play, out(s)"	225.015	0.0821053	4		0.074383494	-133.2598594	0.300253581	-9.271253491	6.30596691	-9.271253491	6.30596691	-1.164384079	55	6.119031056	5.228227893	-136.7803351	-4.336651718	-17.13999983	31.68899841	-20.52100015	93.37	-0.463863857	2.599040247	-0.358	2.578	0
8/31/2014	140831_144924tba	5	1	453329	459964	28	Double		S	202	3.34	1.58	14.986	-6.39	CU		0.903	L	0	0	R	gid_2014_08_31_mlb_tbamlb_1/	Called Strike		67.0826	0.564773	4		0.087856776	-112.7992243	0.355058942	11.24919685	-6.958891667	11.24919685	-6.958891667	-1.423377778	55	6.093719715	-1.651655407	-115.8528592	3.671652608	14.8719993	23.2739994	-41.37900186	79.04	-0.468281668	2.987099042	-0.286	2.957	0
8/31/2014	140831_144941tba	5	2	453329	459964	28	Double		S	203	3.34	1.58	0.808	4.836	CH		0.897	L	1	0	R	gid_2014_08_31_mlb_tbamlb_1/	Swinging Strike		170.653	-0.856818	4		0.083375096	-119.0587841	0.333969851	-2.1655803	4.064813071	-2.1655803	4.064813071	-1.369321896	55	5.96518867	2.960435901	-121.6925392	-3.249565099	-3.236000027	21.13600082	-26.10499979	83.03	-0.351988263	1.730168583	-0.211	1.706	1
8/31/2014	140831_145006tba	5	3	453329	459964	28	Double		B	204	3.34	1.58	-5.944	8.085	FT		0.913	L	2	0	R	gid_2014_08_31_mlb_tbamlb_1/	Ball			216.159	-1.49659	4		0.074458368	-133.1934736	0.299731972	-8.19819141	7.388021067	-8.19819141	7.388021067	-0.938108522	55	6.158926523	8.304314468	-136.5092355	-8.332651561	-15.20900008	29.80899925	-18.47299982	93.42	1.190328734	1.174559102	1.31	1.143	2
8/31/2014	140831_145025tba	5	4	453329	459964	28	Double		B	205	3.34	1.58	-5.069	6.377	FT		0.916	L	2	1	R	gid_2014_08_31_mlb_tbamlb_1/	Ball			218.273	1.00909		4		0.075036416	-132.1992432	0.301667916	-7.37128628	5.708105158	-7.37128628	5.708105158	-0.964504114	55	6.04813568	7.681495484	-135.3947188	-2.00157307	-13.50000044	28.5029995	-21.72500063	92.47	1.058241604	3.360164728	1.179	3.348	12
8/31/2014	140831_145045tba	5	5	453329	459964	28	Double		X	206	3.34	1.58	0.897	5.145	CH		0.883	L	2	2	R	gid_2014_08_31_mlb_tbamlb_1/	"In play, no out"	170.259	-0.0784091	4		0.086971032	-114.1476315	0.34818733	-2.337157098	4.302609306	-2.337157098	4.302609306	-1.161946518	55	5.9984383	1.997221934	-116.6382517	-1.235133635	-3.213000025	19.15999908	-26.26400018	79.54	-0.574253355	2.405181077	-0.426	2.391	22
8/31/2014	140831_145144tba	3	1	453329	446334	29	Groundout	S	210	3.76	1.72	4.416	5.352	FC		0.904	R	0	0	R	gid_2014_08_31_mlb_tbamlb_1/	Called Strike		140.733	-0.303922	4		0.078211809	-126.903864	0.313482123	1.714633144	4.656278576	1.714633144	4.656278576	-1.338020512	55	5.94415735	3.150534259	-129.7555421	-2.895902908	2.908000027	24.3970005	-24.28199983	88.52	0.287163677	2.44916851	0.425	2.43	0
8/31/2014	140831_145210tba	3	2	453329	446334	29	Groundout	B	211	3.76	1.72	1.028	9.547	FF		0.881	R	1	0	R	gid_2014_08_31_mlb_tbamlb_1/	Ball			173.921	0.203922	4		0.074768695	-132.7456339	0.299707939	-1.372164375	8.820440874	-1.372164375	8.820440874	-0.931331666	55	6.054539792	5.168128476	-135.735122	-4.266375019	-2.545999969	26.75400085	-15.81299997	92.66	0.979567112	2.960692272	1.107	2.948	1
8/31/2014	140831_145234tba	3	3	453329	446334	29	Groundout	X	212	3.76	1.72	-0.422	10.83	FF		0.898	R	1	1	R	gid_2014_08_31_mlb_tbamlb_1/	"In play, out(s)"	182.178	-0.17451	4		0.074971151	-132.3332822	0.301174015	-2.815326234	10.06943072	-2.815326234	10.06943072	-1.044298415	55	6.121578257	3.828655798	-135.4751179	-5.754277399	-5.173000003	28.04700012	-13.67700029	92.49	0.096084028	2.57643927	0.216	2.562	11
8/31/2014	140831_151053tba	4	1	453329	425766	35	Groundout	S	269	3.69	1.81	10.84	-8.292	CU		0.904	L	0	0	R	gid_2014_08_31_mlb_tbamlb_1/	Called Strike		52.7714	-0.959574	5		0.090069672	-109.9733296	0.364988857	7.012269606	-8.843468645	7.012269606	-8.843468645	-1.475567199	55	6.095669893	0.921419858	-113.1141602	2.38627966	8.773000275	23.35600014	-43.24300027	77.14	0.078913162	1.893777743	0.27	1.848	0
8/31/2014	140831_151112tba	4	2	453329	425766	35	Groundout	B	270	3.69	1.81	12.794	-7.146	CU		0.902	L	1	0	R	gid_2014_08_31_mlb_tbamlb_1/	Ball			60.9996	-1.64255	5		0.087553973	-113.0755292	0.355790297	9.099053859	-7.696220734	9.099053859	-7.696220734	-1.263696921	55	6.15352349	-1.447751209	-116.4780034	0.228106904	11.9799991	26.03499908	-42.31200052	79.42	-0.550408385	1.257745337	-0.374	1.206	1
8/31/2014	140831_151130tba	4	3	453329	425766	35	Groundout	B	271	3.69	1.81	2.218	5.5	CH		0.894	L	1	1	R	gid_2014_08_31_mlb_tbamlb_1/	Ball			158.265	0.509574	5		0.085081766	-116.6639932	0.340908315	-0.915569131	4.681744944	-0.915569131	4.681744944	-1.288037535	55	5.998123456	-0.35175502	-119.2644846	0.057450466	-1.312999929	20.45099945	-25.4650004	81.32	-1.596508483	3.235546355	-1.462	3.229	11
8/31/2014	140831_151153tba	4	4	453329	425766	35	Groundout	X	272	3.69	1.81	4.577	8.347	FC		0.906	L	1	2	R	gid_2014_08_31_mlb_tbamlb_1/	"In play, out(s)"	151.419	-0.556383	5		0.0770595	-128.7977096	0.308912247	1.949568904	7.605323122	1.949568904	7.605323122	-1.390984984	55	6.047594543	3.425258821	-131.7033788	-4.957002696	3.404999767	25.23100014	-18.89600015	89.89	0.367744723	2.24636587	0.504	2.227	21
8/31/2014	140831_151234tba	4	1	453329	523253	36	Groundout	B	276	3.44	1.55	-3.25	10.352	FF		0.904	R	0	0	R	gid_2014_08_31_mlb_tbamlb_1/	Ball			197.327	-1.35238	5		0.075228311	-131.7633546	0.303663618	-5.622325305	9.589267737	-5.622325305	9.589267737	-1.189275743	55	6.084631981	4.990295016	-135.2442663	-8.548759615	-10.16200014	30.98099823	-14.84700037	92.46	0.007402584	1.243412917	0.124	1.217	0
8/31/2014	140831_151251tba	4	2	453329	523253	36	Groundout	B	277	3.44	1.55	6.583	7.214	FC		0.906	R	0	1	R	gid_2014_08_31_mlb_tbamlb_1/	Ball			137.818	-0.313228	5		0.078193372	-126.8751605	0.314183139	3.821302078	6.473469862	3.821302078	6.473469862	-1.337034267	55	5.979021069	5.18169848	-129.9020645	-4.14495112	6.452000175	25.90800018	-21.24900079	88.69	1.495647277	2.218754731	1.649	2.199	10
8/31/2014	140831_151309tba	4	3	453329	523253	36	Groundout	S	278	3.44	1.55	2.9	12.255	FC		0.681	R	0	2	R	gid_2014_08_31_mlb_tbamlb_1/	Foul			166.768	-0.0349206	5		0.075433975	-131.3805143	0.304790931	0.377349737	11.44590223	0.377349737	11.44590223	-1.175182901	55	5.988997593	3.135802228	-134.9221239	-5.989612485	0.67700008	31.43799896	-11.6440003	92.11	0.19281886	2.474152937	0.321	2.462	20
8/31/2014	140831_151339tba	4	4	453329	523253	36	Groundout	X	279	3.44	1.55	-1.924	7.038	FF		0.901	R	1	2	R	gid_2014_08_31_mlb_tbamlb_1/	"In play, out(s)"	195.164	-0.878307	5		0.074839433	-132.6158008	0.300044097	-4.267254242	6.361990253	-4.267254242	6.361990253	-1.055819303	55	6.073093344	2.465334431	-135.6154514	-6.435074289	-7.900000061	26.82000084	-20.40099931	92.58	-0.710499753	1.692072481	-0.601	1.665	21
8/31/2014	140831_151421tba	4	1	453329	488862	37	Flyout		S	283	3.39	1.56	6.674	6.924	FC		0.906	R	0	0	R	gid_2014_08_31_mlb_tbamlb_1/	Swinging Strike		136.26	-0.832787	5		0.077557831	-127.9070855	0.31173072	3.952538229	6.201386565	3.952538229	6.201386565	-1.382510411	55	6.037651576	5.337215211	-130.9818404	-5.449429781	6.77899984	26.53399963	-21.54299951	89.46	1.519488735	1.73788187	1.672	1.713	0
8/31/2014	140831_151449tba	4	2	453329	488862	37	Flyout		S	284	3.39	1.56	-0.255	9.349	CH		0.909	R	1	0	R	gid_2014_08_31_mlb_tbamlb_1/	Foul			181.508	-0.738798	5		0.082627652	-120.0657186	0.332008856	-3.168006749	8.477559426	-3.168006749	8.477559426	-1.110754155	55	6.077023369	5.014577356	-122.9319194	-4.944484035	-4.789999987	23.21600075	-19.36100031	83.95	0.676368309	1.816795433	0.822	1.799	1
8/31/2014	140831_151518tba	4	3	453329	488862	37	Flyout		B	285	3.39	1.56	12.827	-7.006	CU		0.901	R	2	0	R	gid_2014_08_31_mlb_tbamlb_1/	Ball			61.5364	1.51803		5		0.086983632	-113.9483201	0.351248478	9.224292129	-7.546139664	9.224292129	-7.546139664	-1.084654946	55	6.167014436	0.400107278	-116.982604	5.451875736	12.461		23.35699959	-42.37300134	79.85	0.550278098	3.885332518	0.733	3.864	2
8/31/2014	140831_151535tba	4	4	453329	488862	37	Flyout		X	286	3.39	1.56	13.857	-5.583	CU		0.899	R	2	1	R	gid_2014_08_31_mlb_tbamlb_1/	"In play, out(s)"	68.2422	0.472131	5		0.086888434	-114.1632346	0.349371806	10.26554534	-6.154055007	10.26554534	-6.154055007	-0.898262106	55	6.166334878	-0.923717453	-116.9328617	2.983091616	14.01699976	21.33500023	-40.58200098	79.76	0.268384813	2.936606478	0.445	2.907	12
8/31/2014	140831_152705tba	2	1	453329	150040	41	Single		B	314	3.62	1.67	4.054	5.773	FC		0.898	R	0	0	R	gid_2014_08_31_mlb_tbamlb_1/	Ball			145.165	0.717949	6		0.07954967	-124.8552492	0.317685776	1.289206529	5.050855363	1.289206529	5.050855363	-1.575860845	55	5.854127099	5.44016911	-127.4038196	-0.524362411	2.129000221	21.42999954	-23.83799959	86.95	1.002284461	3.353105133	1.152	3.345	0
8/31/2014	140831_152721tba	2	2	453329	150040	41	Single		X	315	3.62	1.67	0.987	10.067	FF		0.874	R	0	1	R	gid_2014_08_31_mlb_tbamlb_1/	"In play, no out"	174.466	-0.450256	6		0.075450485	-131.475514	0.303310621	-1.47048537	9.313073784	-1.47048537	9.313073784	-1.189609842	55	5.992627371	2.775311421	-134.6481741	-5.874369334	-2.664		28.14400024	-15.3070004	91.91	-0.265528458	2.223947166	-0.145	2.206	10
8/31/2014	140831_152814tba	3	1	453329	446481	42	Strikeout	S	319	3.18	1.45	0.823	10.152	FF		0.894	R	0	0	R	gid_2014_08_31_mlb_tbamlb_1/	Foul			175.429	0.354913	6		0.074909555	-132.3676412	0.301838257	-1.607662336	9.402173447	-1.607662336	9.402173447	-0.98027471	55	6.074991605	3.846782984	-135.7336453	-5.210949912	-2.94099995	30.08100052	-14.97900034	92.65	0.359555006	2.637028097	0.483	2.622	0
8/31/2014	140831_152850tba	3	2	453329	446481	42	Strikeout	S	320	3.18	1.45	-5.336	4.976	FT		0.909	R	1	0	R	gid_2014_08_31_mlb_tbamlb_1/	Foul			226.743	-0.144509	6		0.07544882	-131.5273525	0.302700069	-7.649416166	4.332689692	-7.649416166	4.332689692	-1.06695489	55	6.15201136	2.992971145	-134.5543922	-4.426721163	-13.914		26.84800072	-24.29800058	91.81	-1.024279355	2.216105704	-0.921	2.19	1
8/31/2014	140831_152927tba	3	3	453329	446481	42	Strikeout	S	321	3.18	1.45	-3.668	3.82	FT		0.925	R	2	0	R	gid_2014_08_31_mlb_tbamlb_1/	Called Strike		223.506	1.12486		6		0.075219148	-131.9927487	0.301002761	-5.990104416	3.208421107	-5.990104416	3.208421107	-1.163612303	55	6.004020599	6.268030681	-134.8390362	-1.097200229	-11.01900002	25.31599922	-26.27700067	92.04	0.486072628	3.304709724	0.606	3.288	2
8/31/2014	140831_153013tba	5	1	453329	595281	43	Strikeout	S	325	3.43	1.62	11.224	-9.297	CU		0.905	L	0	0	R	gid_2014_08_31_mlb_tbamlb_1/	Called Strike		50.5195	-0.414365	6		0.087798242	-112.8839986	0.354658841	7.595274005	-9.787669361	7.595274005	-9.787669361	-1.180687133	55	6.07226743	-1.287006617	-115.9112036	2.979964282	10.06399969	23.08699913	-45.14799905	79.06	-0.61843654	2.192863618	-0.448	2.15	0
8/31/2014	140831_153038tba	5	2	453329	595281	43	Strikeout	S	326	3.43	1.62	5.85	5.482	FC		0.906	L	1	0	R	gid_2014_08_31_mlb_tbamlb_1/	Swinging Strike		133.389	0.154696	6		0.077107176	-128.7522237	0.30866727	3.19896977	4.804171066	3.19896977	4.804171066	-1.1801296	55	6.044491583	4.930560056	-131.5543808	-2.889185168	5.596000229	24.31400032	-23.77499986	89.78	1.412807446	2.68351519	1.559	2.665	1
8/31/2014	140831_153110tba	5	3	453329	595281	43	Strikeout	S	327	3.43	1.62	0.74	9.196	FF		0.897	L	2	0	R	gid_2014_08_31_mlb_tbamlb_1/	Foul			175.465	0.648619	6		0.074662777	-132.7830914	0.301114136	-1.677208556	8.469821577	-1.677208556	8.469821577	-0.936147638	55	6.069053684	0.847632237	-136.2258397	-3.710793925	-3.08300003	30.87100143	-16.6099999	92.92	-0.848851167	3.123810234	-0.737	3.112	2
8/31/2014	140831_153145tba	5	4	453329	595281	43	Strikeout	B	328	3.43	1.62	-6	5.765	FT		0.912	L	2	0	R	gid_2014_08_31_mlb_tbamlb_1/	Ball			225.919	0.00331492	6		0.075095931	-132.1890137	0.300755075	-8.269450377	5.113523654	-8.269450377	5.113523654	-1.006551568	55	6.045564582	8.024931537	-135.1004638	-3.765761176	-15.23699995	25.93999977	-22.75700021	92.31	1.008248362	2.549614064	1.128	2.528	2
8/31/2014	140831_153221tba	5	5	453329	595281	43	Strikeout	S	329	3.43	1.62	6.306	4.496	FC		0.905	L	2	1	R	gid_2014_08_31_mlb_tbamlb_1/	Swinging Strike		125.765	-0.503867	6		0.077312467	-128.3854874	0.30980792	3.62635241	3.834822369	3.62635241	3.834822369	-1.247176359	55	5.899240837	3.912251363	-131.2542318	-3.52031267	6.297000443	24.82800026	-25.5200007	89.56	0.986533908	2.093304791	1.131	2.069	12
8/31/2014	140831_153304tba	3	1	453329	446386	44	Strikeout	S	333	3.45	1.55	5.385	5.25	FC		0.905	R	0	0	R	gid_2014_08_31_mlb_tbamlb_1/	Called Strike		134.543	0.224211	6		0.078171753	-127.0168873	0.312692671	2.675757579	4.561283617	2.675757579	4.561283617	-1.304431049	55	5.926384385	3.568597832	-129.7270582	-2.201146547	4.561000381	23.19399948	-24.40399957	88.5	0.649175236	2.72960627	0.792	2.713	0
8/31/2014	140831_153332tba	3	2	453329	446386	44	Strikeout	S	334	3.45	1.55	11.24	-9.272	CU		0.902	R	1	0	R	gid_2014_08_31_mlb_tbamlb_1/	Called Strike		50.6305	-0.911579	6		0.086367848	-114.7436563	0.349044271	7.7221931	-9.74557891	7.7221931	-9.74557891	-0.798186235	55	6.08075991	-1.699155654	-117.8503993	1.67932539	10.56399969	24.08699913	-45.51100183	80.37	-0.4034591	1.683783649	-0.24	1.634	1
8/31/2014	140831_153401tba	3	3	453329	446386	44	Strikeout	S	335	3.45	1.55	-5.705	6.881	FT		0.902	R	2	0	R	gid_2014_08_31_mlb_tbamlb_1/	Called Strike		219.472	-0.517895	6		0.074397096	-133.2717046	0.299867019	-7.966032997	6.208272871	-7.966032997	6.208272871	-1.134148	55	5.993921267	7.707352926	-136.6838224	-5.389669301	-14.76499983	30.70400162	-20.67199922	93.41	0.786504537	2.03288661	0.905	2.008	2
8/31/2014	140831_155018tba	6	1	453329	459964	49	Strikeout	S	372	3.34	1.58	2.988	6.446	FC		0.904	L	0	0	R	gid_2014_08_31_mlb_tbamlb_1/	Foul			155.313	-1.30682	7		0.077812497	-127.6551279	0.310588086	0.36753137	5.739278777	0.36753137	5.739278777	-1.387581212	55	5.880308194	2.780538939	-130.22343	-5.887399547	0.634999786	22.07700081	-22.26300073	88.9	-0.142648358	1.338037687	-0.012	1.31	0
8/31/2014	140831_155043tba	6	2	453329	459964	49	Strikeout	S	373	3.34	1.58	4.797	3.939	FC		0.903	L	1	0	R	gid_2014_08_31_mlb_tbamlb_1/	Called Strike		129.724	0.9		7		0.078559795	-126.422154	0.313815348	2.082853617	3.274068069	2.082853617	3.274068069	-1.348563922	55	5.866383306	3.417937955	-129.0216301	-0.289237967	3.52500013	22.13400002	-26.63800073	88	0.453231342	3.264565956	0.595	3.252	1
8/31/2014	140831_155109tba	6	3	453329	459964	49	Strikeout	B	374	3.34	1.58	6.171	4.519	FC		0.904	L	2	0	R	gid_2014_08_31_mlb_tbamlb_1/	Ball			126.502	-0.0568182	7		0.078202425	-127.0105428	0.312249268	3.45207078	3.847529702	3.45207078	3.847529702	-1.634215283	55	5.835749965	-2.149432147	-129.5901153	-2.442927284	5.90099958	22.06400032	-25.60199953	88.38	-2.013247655	2.429681182	-1.892	2.41	2
8/31/2014	140831_155130tba	6	4	453329	459964	49	Strikeout	B	375	3.34	1.58	12.105	-7.177	CU		0.896	L	2	1	R	gid_2014_08_31_mlb_tbamlb_1/	Ball			59.5178	-0.906818	7		0.086163367	-115.0152079	0.348230333	8.580424438	-7.701499924	8.580424438	-7.701499924	-1.289184644	55	6.08975025	0.247668443	-118.1315708	1.008937824	11.79300073	24.2189991	-42.76400018	80.55	0.169999675	1.707897932	0.347	1.662	12
8/31/2014	140831_155148tba	6	5	453329	459964	49	Strikeout	B	376	3.34	1.58	-7.339	5.557	FT		0.908	L	2	2	R	gid_2014_08_31_mlb_tbamlb_1/	Ball			232.638	-0.822727	7		0.075569544	-131.2218765	0.304368973	-9.634423591	4.894752275	-9.634423591	4.894752275	-1.069736562	55	6.041853704	8.408843078	-134.5279186	-5.374752328	-17.33299967	29.28600044	-23.37299944	91.98	0.930041877	1.764580813	1.049	1.736	22
8/31/2014	140831_155212tba	6	6	453329	459964	49	Strikeout	S	377	3.34	1.58	-4.429	5.243	FT		0.919	L	2	3	R	gid_2014_08_31_mlb_tbamlb_1/	Called Strike		219.944	0.480682	7		0.075398874	-131.6209485	0.302420301	-6.75728576	4.595217379	-6.75728576	4.595217379	-1.177773324	55	5.970039176	6.474022605	-134.6307322	-2.454633686	-12.3140001	26.71199913	-23.80500055	91.91	0.448683425	2.900311592	0.568	2.883	32
8/31/2014	140831_155247tba	6	1	453329	446334	50	Groundout	B	381	3.76	1.72	11.793	-6.825	CU		0.897	R	0	0	R	gid_2014_08_31_mlb_tbamlb_1/	Ball			60.1282	-1.87255	7		0.086159773	-115.0088922	0.348399033	8.27266092	-7.359384245	8.27266092	-7.359384245	-1.241806497	55	6.101227585	1.589206213	-118.1584329	-0.847794954	11.35899976	24.47899933	-42.28400064	80.57	0.808908347	0.88517383	0.991	0.83	0
8/31/2014	140831_155306tba	6	2	453329	446334	50	Groundout	B	382	3.76	1.72	11.213	-7.615	CU		0.905	R	0	1	R	gid_2014_08_31_mlb_tbamlb_1/	Ball			56.001	-1.9598		7		0.087902736	-112.7371997	0.355296929	7.571124694	-8.152820659	7.571124694	-8.152820659	-1.190578114	55	6.096623187	1.733494519	-115.7982996	-0.443652388	9.995999847	23.31899948	-42.94300104	78.96	0.836129493	0.797489747	1.025	0.741	10
8/31/2014	140831_155326tba	6	3	453329	446334	50	Groundout	S	383	3.76	1.72	-0.424	10.095	FF		0.898	R	0	2	R	gid_2014_08_31_mlb_tbamlb_1/	Foul			182.351	-0.168627	7		0.074562532	-133.1072343	0.298946644	-2.781881212	9.359625298	-2.781881212	9.359625298	-1.230948016	55	6.051163322	4.678266087	-136.1211806	-5.429170295	-5.187999989	27.04799957	-14.72400022	92.94	0.252042247	2.583367429	0.374	2.568	20
8/31/2014	140831_155351tba	6	4	453329	446334	50	Groundout	S	384	3.76	1.72	-3.849	3.698	FT		0.928	R	1	2	R	gid_2014_08_31_mlb_tbamlb_1/	Foul			225.809	-0.143137	7		0.075017898	-132.33004	0.300399995	-6.157807904	3.091086583	-6.157807904	3.091086583	-1.166807564	55	6.063522334	3.385992736	-135.2340176	-2.891836299	-11.37300011	25.90000076	-26.46999956	92.25	-0.737705197	2.618345684	-0.63	2.594	21
8/31/2014	140831_155416tba	6	5	453329	446334	50	Groundout	B	385	3.76	1.72	-5.251	6.849	FT		0.9	R	2	2	R	gid_2014_08_31_mlb_tbamlb_1/	Ball			217.283	0.446078	7		0.075882548	-130.7572056	0.304668887	-7.597202098	6.158072154	-7.597202098	6.158072154	-1.055739296	55	6.009698095	9.207608453	-133.8216231	-2.288814928	-13.64100024	27.02600021	-21.12199998	91.47	1.601524994	3.207113746	1.73	3.195	22
8/31/2014	140831_155441tba	6	6	453329	446334	50	Groundout	X	386	3.76	1.72	5.113	3.347	FC		0.905	R	2	3	R	gid_2014_08_31_mlb_tbamlb_1/	"In play, out(s)"	123.565	-0.20098	7		0.077639119	-127.7970984	0.311744377	2.426309534	2.702702018	2.426309534	2.702702018	-1.429817254	55	5.871654154	5.075331407	-130.7973944	-1.860064089	4.160999809	25.86200066	-27.54400087	89.26	1.121847882	2.55610233	1.269	2.535	32
8/31/2014	140831_155523tba	2	1	453329	425766	51	Groundout	S	390	3.69	1.81	14.406	-8.951	CU		0.905	L	0	0	R	gid_2014_08_31_mlb_tbamlb_1/	Called Strike		58.2948	-1.11596	7		0.087887739	-112.7960289	0.354559913	10.69563912	-9.451083087	10.69563912	-9.451083087	-1.228108476	55	6.088361242	-3.071166027	-115.7398986	1.929594878	14.17999986	22.42599983	-44.70899988	78.95	-1.046725778	1.749523023	-0.875	1.701	0
8/31/2014	140831_155542tba	2	2	453329	425766	51	Groundout	X	391	3.69	1.81	-3.184	4.576	FS		0.892	L	1	0	R	gid_2014_08_31_mlb_tbamlb_1/	"In play, out(s)"	214.536	-1.29894	7		0.079730327	-124.6215799	0.317745131	-5.78633232	3.881180216	-5.78633232	3.881180216	-1.275992042	55	5.962827004	2.594189147	-127.0176295	-4.45031587	-9.552000011	20.09800072	-25.7719996	86.67	-1.05433711	1.557831275	-0.938	1.529	1
8/31/2014	140831_161433tba	5	1	453329	523253	57	Flyout		B	438	3.44	1.55	-3.844	4.301	FT		0.887	R	0	0	R	gid_2014_08_31_mlb_tbamlb_1/	Ball			221.492	-1.68571	8		0.075211872	-131.9024736	0.302230294	-6.181556265	3.674186557	-6.181556265	3.674186557	-1.45801703	55	6.040501253	1.905186334	-135.0558867	-7.020216496	-11.27899977	28.06100006	-25.47500063	92.22	-1.637531172	0.940348208	-1.535	0.902	0
8/31/2014	140831_161454tba	5	2	453329	523253	57	Flyout		B	439	3.44	1.55	-2.361	5.498	FF		0.909	R	0	1	R	gid_2014_08_31_mlb_tbamlb_1/	Ball			203.056	0.311111	8		0.07475285	-132.7483297	0.299951046	-4.694307614	4.854635694	-4.694307614	4.854635694	-1.408826757	55	6.023027573	2.077343086	-135.8142078	-3.036208333	-8.696000065	27.44600029	-23.18599916	92.63	-1.290488264	2.808619526	-1.184	2.789	10
8/31/2014	140831_161514tba	5	3	453329	523253	57	Flyout		S	440	3.44	1.55	2.058	9.716	FF		0.867	R	0	2	R	gid_2014_08_31_mlb_tbamlb_1/	Called Strike		168.129	0.913227	8		0.074593006	-133.067657	0.298891561	-0.351091096	8.989540843	-0.351091096	8.989540843	-1.306196794	55	6.108278611	0.451161705	-136.036287	-3.518628446	-0.654999937	26.62900085	-15.40800024	92.78	-1.176205721	3.366958354	-1.064	3.358	20
8/31/2014	140831_161538tba	5	4	453329	523253	57	Flyout		B	441	3.44	1.55	10.596	-7.823	CU		0.904	R	1	2	R	gid_2014_08_31_mlb_tbamlb_1/	Ball			53.7468	1.20529		8		0.088358324	-112.255056	0.355435404	6.969864947	-8.356257204	6.969864947	-8.356257204	-1.071622469	55	6.188081341	-2.752350674	-115.0054243	5.339758538	9.195000206	20.83500023	-43.20299936	78.52	-1.320873729	3.658435845	-1.16	3.634	21
8/31/2014	140831_161603tba	5	5	453329	523253	57	Flyout		X	442	3.44	1.55	-4.628	6.612	FT		0.926	R	1	3	R	gid_2014_08_31_mlb_tbamlb_1/	"In play, out(s)"	214.792	0.138624	8		0.075460346	-131.5098586	0.302714393	-6.956272272	5.934164374	-6.956272272	5.934164374	-1.096390187	55	6.007052645	5.419986128	-134.5287065	-3.650189767	-12.65199992	26.77099915	-21.38599992	91.83	0.063488129	2.6446412	0.178	2.626	31
8/31/2014	140831_161644tba	1	1	453329	488862	58	Groundout	X	446	3.39	1.56	-2.427	8.369	FF		0.901	R	0	0	R	gid_2014_08_31_mlb_tbamlb_1/	"In play, out(s)"	196.058	0.0273224	8		0.075448986	-131.5337743	0.302618272	-4.800692388	7.654623866	-4.800692388	7.654623866	-1.125539267	55	6.011113902	4.171901863	-134.5408256	-4.62232509	-8.736999954	26.66999931	-18.24799944	91.83	-0.146365686	2.517004599	-0.03	2.5	0
8/31/2014	140831_161730tba	6	1	453329	150040	59	Groundout	S	450	3.62	1.67	12.194	-8.925	CU		0.904	R	0	0	R	gid_2014_08_31_mlb_tbamlb_1/	Called Strike		53.9581	0.882051	8		0.087699168	-112.9313304	0.355634319	8.518902156	-9.428010394	8.518902156	-9.428010394	-1.214362657	55	6.085366003	-0.766298875	-116.2003674	5.605183269	11.22600034	24.96799965	-44.60300089	79.32	-0.258386951	3.532949649	-0.081	3.505	0
8/31/2014	140831_161750tba	6	2	453329	150040	59	Groundout	S	451	3.62	1.67	6.38	4.951	FC		0.905	R	1	0	R	gid_2014_08_31_mlb_tbamlb_1/	Swinging Strike		128.081	-0.731282	8		0.0778758	-127.4421833	0.3122559	3.65639026	4.270079452	3.65639026	4.270079452	-1.484548466	55	5.89930181	3.997347534	-130.3336491	-3.86601082	6.249999557	24.84500046	-24.8799994	88.94	0.802993113	1.956643103	0.949	1.932	1
8/31/2014	140831_161812tba	6	3	453329	150040	59	Groundout	B	452	3.62	1.67	-3.638	8.278	FF		0.912	R	2	0	R	gid_2014_08_31_mlb_tbamlb_1/	Ball			203.586	0.516923	8		0.075253585	-131.8200611	0.302512379	-5.984449563	7.565806987	-5.984449563	7.565806987	-1.016508438	55	6.046390537	7.12824636	-134.9994018	-3.137851267	-10.89900013	28.27699966	-18.39999986	92.2	1.003031006	3.160302102	1.126	3.149	2
8/31/2014	140831_161832tba	6	4	453329	150040	59	Groundout	B	453	3.62	1.67	-5.168	7.188	FT		0.88	R	2	1	R	gid_2014_08_31_mlb_tbamlb_1/	Ball			215.526	1.78667		8		0.076383794	-129.9306391	0.306284463	-7.540649161	6.483033648	-7.540649161	6.483033648	-1.221033463	55	6.029181563	6.952955183	-132.8811913	0.438289908	-13.3969998	25.84800072	-20.66099954	90.73	0.5181638	4.387403136	0.64	4.387	12
8/31/2014	140831_161854tba	6	5	453329	150040	59	Groundout	B	454	3.62	1.67	0.873	7.14	FF		0.898	R	2	2	R	gid_2014_08_31_mlb_tbamlb_1/	Ball			173.113	-0.725128	8		0.074194247	-133.8246788	0.296800033	-1.478330747	6.47674853	-1.478330747	6.47674853	-0.955911707	55	6.048113768	8.003671171	-136.6846174	-5.95759989	-2.797000016	25.78799934	-19.92499948	93.44	2.074722616	1.963250374	2.211	1.938	22
8/31/2014	140831_161919tba	6	6	453329	150040	59	Groundout	X	455	3.62	1.67	3.735	4.497	FC		0.902	R	2	3	R	gid_2014_08_31_mlb_tbamlb_1/	"In play, out(s)"	140.594	-0.833846	8		0.078664318	-126.2388825	0.314434254	1.033377823	3.817328389	1.033377823	3.817328389	-1.467841214	55	5.828924009	5.228187731	-128.8804697	-3.632845087	1.742000137	22.46399994	-25.74399973	87.98	0.953425812	1.856964438	1.099	1.832	32
8/31/2014	140831_163125tba	6	1	453329	446481	63	Flyout		B	487	3.18	1.45	-1.252	9.055	FF		0.898	R	0	0	R	gid_2014_08_31_mlb_tbamlb_1/	Ball			187.795	-1.26127	9		0.075912256	-130.804069	0.303573596	-3.666002644	8.321770633	-3.666002644	8.321770633	-1.426110399	55	5.956776874	4.893029778	-133.5753139	-7.712616999	-6.63000008	24.42200012	-17.12899995	91.29	0.037935021	1.250686765	0.161	1.224	0
8/31/2014	140831_163145tba	6	2	453329	446481	63	Flyout		S	488	3.18	1.45	5.855	4.84	FC		0.904	R	0	1	R	gid_2014_08_31_mlb_tbamlb_1/	Called Strike		129.855	0.887861	9		0.078462065	-126.6112481	0.313012077	3.130938829	4.158517255	3.130938829	4.158517255	-1.409495788	55	5.883695475	1.222091705	-129.1197048	-1.074702827	5.325999771	21.38300056	-25.10499979	88.04	-0.390483171	3.096815359	-0.256	3.083	10
8/31/2014	140831_163203tba	6	3	453329	446481	63	Flyout		B	489	3.18	1.45	-3.309	6.613	CH		0.908	R	1	1	R	gid_2014_08_31_mlb_tbamlb_1/	Ball			206.369	-3.07746	9		0.084816074	-117.0663599	0.339274739	-6.27588277	5.775166121	-6.27588277	5.775166121	-1.325015255	55	5.973301388	7.030321121	-119.5650561	-7.919558133	-9.086999859	19.70900078	-23.81699968	81.84	0.964609154	-0.304188016	1.117	-0.347	11
8/31/2014	140831_163230tba	6	4	453329	446481	63	Flyout		S	490	3.18	1.45	15.298	-6.772	CU		0.905	R	1	2	R	gid_2014_08_31_mlb_tbamlb_1/	Called Strike		66.2943	0.347977	9		0.088483648	-111.960462	0.358282986	11.48522535	-7.341547241	11.48522535	-7.341547241	-1.438755069	55	5.977606355	-1.247666802	-115.1102735	3.440008266	14.91200021	23.84100075	-41.71099878	78.52	-0.25751838	2.649050232	-0.069	2.616	21
8/31/2014	140831_163257tba	6	5	453329	446481	63	Flyout		S	491	3.18	1.45	5.437	3.559	CH		0.657	R	2	2	R	gid_2014_08_31_mlb_tbamlb_1/	Foul			123.649	0.744509	9		0.087697865	-113.0757253	0.353194313	1.990201198	2.734936282	1.990201198	2.734936282	-1.056230494	55	5.932651136	-0.28315783	-115.9204022	0.787381148	2.658999954	21.71399994	-28.52499986	79.04	-0.881637002	2.970092649	-0.727	2.959	22
8/31/2014	140831_163331tba	6	6	453329	446481	63	Flyout		X	492	3.18	1.45	-4.475	5.936	FT		0.925	R	2	2	R	gid_2014_08_31_mlb_tbamlb_1/	"In play, out(s)"	216.792	0.359538	9		0.075558631	-131.1901085	0.304961868	-6.841766131	5.262596819	-6.841766131	5.262596819	-1.100077971	55	5.929896542	5.379239751	-134.6475197	-3.112676894	-12.26100012	30.63700027	-22.74799944	91.9	0.077250237	2.643884854	0.193	2.626	22
8/31/2014	140831_163412tba	1	1	453329	595281	64	Groundout	X	496	3.43	1.62	11.461	-8.45	CU		0.905	L	0	0	R	gid_2014_08_31_mlb_tbamlb_1/	"In play, out(s)"	53.7749	0.0928177	9		0.0890701	-111.2262403	0.360605455	7.706211169	-8.982648388	7.706211169	-8.982648388	-1.228842615	55	6.03182571	-1.745843855	-114.3465632	3.923156246	9.877000366	23.46199913	-43.69200159	78.02	-0.887379705	2.645768522	-0.713	2.609	0
8/31/2014	140831_163452tba	1	1	453329	446386	65	Flyout		X	500	3.45	1.55	4.719	5.217	FC		0.904	R	0	0	R	gid_2014_08_31_mlb_tbamlb_1/	"In play, out(s)"	138.14	-0.0357895	9		0.078219577	-126.8684657	0.313813932	2.005430158	4.523740363	2.005430158	4.523740363	-1.501382684	55	5.889866802	3.202759674	-129.7877405	-2.625737203	3.394000088	24.97499962	-24.52299905	88.54	0.192839035	2.484436116	0.333	2.466	0
